Code	Grn	GrnX	GrnY
10008	818	2227.93	196.693
10008	895	2227.938	202.6367
10008	862	2228	208.4767
10008	654	2227.953	214.524
10008	959	2227.961	220.4677
10008	1080	2227.969	226.4114
10008	830	2227.977	232.3551
10008	885	2227.985	238.2987
10008	740	2227.993	244.2424
10008	862	2228	250.1861
10008	914	2228.009	256.1297
10008	478	2228.016	262.0734
10008	778	2228.024	268.0171
10008	1021	2228.032	273.9608
10008	617	2228.04	279.9044
10008	898	2228.048	285.8481
10008	1160	2228.323	291.6599
10008	1205	2227.527	297.5026
10008	907	2228.079	309.6228
10008	1068	2228.323	315.6622
10008	921	2228.095	321.5101
10010	41	2228.103	327.4538
10010	75	2228.111	333.3974
10010	47	2228.119	339.3411
10010	34	2228	345.4397
10010	52	2228.135	351.2285
10010	33	2228.499	357
10010	42	2228.475	363
10010	54	2228.158	369.0594
10010	1	2228.02	374.5323
10010	50	2228.174	380.9468
10010	51	2228.182	386.8905
10010	68	2228.189	392.8341
10010	43	2228.197	398.7778
10010	36	2228	404.5028
10010	65	2228.213	410.6651
10010	75	2228.221	416.6088
10010	28	2228.342	422.6726
10010	55	2228.237	428.4962
10010	80	2228.491	434.4959
10010	42	2228.252	440.3835
10010	56	2228.26	446.3271
10010	46	2228.268	452.2708
10017	33	2228.276	458.2145
10017	82	2228.284	464.1582
10017	52	2228.292	470.1018
10017	45	2228.3	476.0455
10017	46	2228.308	481.9892
10017	59	2228.315	487.9329
10017	57	2228.323	493.8765
10017	272	2228.331	499.8202
10017	80	2228.339	505.7639
10017	53	2228.347	511.7075
10017	62	2227.492	518
10017	44	2228.363	523.5948
10017	38	2228.371	529.5385
10017	59	2228.481	535
10017	31	2228.386	541.4259
10017	46	2228.394	547.3696
10017	173	2228.489	553
10017	50	2228.49	559
10017	56	2228.468	565.4799
10017	38	2228.426	571.1442
10017	34	2228.434	577.0879
10017	60	2228.441	583.0316
10017	63	2228.499	590
10019	239	2228.457	594.9189
10019	76	2228.473	606.8062
10019	92	2228.481	612.7499
10019	31	2228.531	618.4935
10019	87	2228.497	624.6373
10019	173	2228.5	630.5004
10019	58	2228.52	642.4683
10019	152	2228.528	648.4119
10019	54	2229	654.4965
10019	46	2228.544	660.2993
10019	85	2228.552	666.2429
10019	151	2228.56	672.1866
10019	98	2228.567	678.1302
10019	52	2228.575	684.0739
10019	58	2228.583	690.0176
10019	101	2228.591	695.9613
10020	52	2228.599	701.905
10020	58	2228.607	707.8486
10020	78	2228.615	713.7923
10020	100	2228.622	719.736
10020	68	2228.63	725.6796
10020	55	2228.638	731.6233
10020	122	2228.646	737.567
10020	45	2228.654	743.5106
10020	56	2228.662	749.4543
10020	52	2228.67	755.3979
10020	84	2228.677	761.3417
10020	68	2228.49	767.4605
10020	99	2228.693	773.229
10020	76	2228.709	785.1163
10020	49	2228.717	791.06
10020	64	2228.725	797.0037
10020	109	2228.733	802.9473
10020	98	2228.74	808.891
10020	102	2228.748	814.8347
10020	79	2228.756	820.7783
10020	69	2228.764	826.722
10021	31	2228.772	832.6657
10021	44	2228.78	838.6094
10021	24	2228.796	850.4967
10021	52	2228.803	856.4404
10021	53	2228	862.4946
10021	36	2228.819	868.3277
10021	44	2228.827	874.2714
10021	8	2228.835	880.215
10021	29	2228.957	886.4554
10021	39	2228.688	892.3352
10021	93	2228.859	898.046
10021	66	2229	904.4894
10021	52	2228.874	909.9334
10021	85	2229	915.5095
10021	56	2228.89	921.8207
10021	40	2228.898	927.7644
10025	65	2228.906	933.7081
10025	128	2229	939.4974
10025	42	2228.922	945.5954
10025	211	2229.333	951.6573
10025	167	2228.937	957.4827
10025	54	2229.49	963.5048
10025	61	2228.953	969.3701
10025	36	2228.961	975.3138
10025	42	2228.958	981.429
10025	52	2228.977	987.2011
10025	45	2228.985	993.1448
10025	37	2229.466	999
10025	59	2229.046	1004.577
10025	17	2229.008	1010.976
10025	55	2229.07	1016.558
10025	74	2229.024	1022.863
10025	71	2229.032	1028.807
10025	57	2229.04	1034.75
10025	36	2229.048	1040.694
10025	43	2229.055	1046.638
10025	48	2229.063	1052.581
10025	34	2229.464	1059
10025	44	2229.291	1064.634
10025	29	2229.087	1070.412
10025	34	2229.095	1076.356
10035	53	2229.103	1082.3
10035	75	2229.11	1088.244
10035	50	2229.118	1094.187
10035	44	2229.126	1100.131
10035	58	2229.134	1106.074
10035	45	2229.142	1112.018
10035	57	2229.15	1117.962
10035	608	2229.158	1123.906
10035	71	2229.166	1129.849
10035	39	2229.173	1135.793
10035	37	2229.181	1141.736
10035	26	2229.189	1147.68
10035	36	2229.197	1153.624
10035	66	2229.205	1159.568
10037	45	2229.213	1165.511
10037	49	2229.221	1171.455
10037	55	2229.229	1177.399
10037	42	2229.455	1183.462
10037	105	2229.244	1189.286
10037	59	2229.252	1195.229
10037	86	2229.26	1201.173
10037	65	2229.268	1207.117
10037	83	2229.276	1213.061
10037	108	2229.284	1219.004
10037	92	2229.292	1224.948
10037	64	2229.484	1230.528
10037	50	2229.307	1236.835
10037	74	2229.315	1242.779
10037	162	2229.323	1248.723
10037	69	2229.331	1254.666
10037	99	2229.339	1260.61
10037	51	2229.489	1266.511
10039	107	2229.354	1272.497
10039	91	2229.362	1278.441
10039	53	2229.37	1284.385
10039	37	2229.378	1290.328
10039	50	2229.394	1302.216
10039	96	2229.402	1308.159
10039	64	2229.41	1314.103
10039	46	2229.657	1320.322
10039	57	2229.425	1325.99
10039	40	2229.433	1331.934
10039	67	2229.441	1337.878
10040	30	2229.457	1349.765
10040	58	2229.512	1356.449
10040	24	2229.473	1361.652
10040	52	2229.48	1367.596
10040	71	2229.488	1373.54
10040	46	2229.528	1379
10040	33	2229.538	1385.452
10040	74	2229.512	1391.371
10040	87	2229.54	1397.42
10040	37	2229.687	1403.65
10040	44	2229.535	1409.202
10040	29	2229.543	1415.145
10040	39	2229.551	1421.089
10044	516	2229.559	1427.033
10044	537	2229.567	1432.976
10044	556	2229.575	1438.92
10044	481	2229.341	1444.701
10044	325	2229.591	1450.807
10044	449	2229.598	1456.751
10044	380	2229.606	1462.695
10044	476	2229.614	1468.638
10044	300	2229.622	1474.582
10044	775	2229.63	1480.526
10044	591	2229.638	1486.469
10044	295	2229.646	1492.413
10044	921	2229.654	1498.357
10044	388	2229.669	1510.244
10044	242	2229.677	1516.188
10044	527	2229.669	1522.322
10044	486	2229.693	1528.075
10044	358	2229.701	1534.019
10044	507	2229.709	1539.962
10044	529	2229.717	1545.906
10044	368	2229.494	1552
10044	349	2229.732	1557.793
10044	565	2229.74	1563.737
10044	374	2229.748	1569.681
10044	536	2229.756	1575.624
10048	1851	2229.764	1581.568
10048	1868	2229.772	1587.512
10048	1984	2229.78	1593.455
10048	2096	2229.787	1599.399
10048	2168	2229.795	1605.343
10048	1816	2229.803	1611.286
10048	2047	2229.811	1617.23
10048	1484	2229.819	1623.174
10048	1828	2229.827	1629.117
10048	1959	2229.835	1635.061
10048	1815	2229.873	1640.875
10048	1549	2229.85	1646.948
10048	2039	2229.858	1652.892
10050	783	2229.866	1658.836
10050	655	2230.324	1664.332
10050	706	2229.882	1670.723
10050	777	2229.89	1676.667
10050	681	2229.898	1682.61
10050	883	2229.906	1688.554
10050	645	2229.913	1694.498
10050	987	2229.98	1700.491
10050	642	2230.014	1706.504
10050	757	2229.937	1712.329
10050	1007	2229.708	1718.346
10050	785	2229.953	1724.216
10050	864	2230.293	1730.612
10050	841	2229.976	1742.047
10050	1211	2229.984	1747.991
10050	596	2229.992	1753.934
10050	607	2230	1759.878
10050	510	2229.992	1765.49
10050	893	2230.016	1771.766
10050	781	2230.023	1777.709
10053	205	2230.031	1783.653
10053	43	2230.039	1789.596
10053	64	2230.047	1795.54
10053	62	2230	1801.455
10053	25	2230.063	1807.427
10053	50	2230.071	1813.371
10053	43	2230.079	1819.315
10053	80	2229.994	1825.505
10053	38	2230.094	1831.202
10053	74	2230.102	1837.146
10053	86	2230.11	1843.089
10053	82	2230.514	1849
10053	52	2230.126	1854.977
10053	53	2230.134	1860.921
10053	37	2230.347	1866.683
10053	56	2230.149	1872.808
10053	60	2230.157	1878.752
10053	40	2230.5	1884.988
10059	34	2230.173	1890.639
10059	55	2230.181	1896.583
10059	128	2230.189	1902.526
10059	67	2230.497	1908.525
10059	48	2230.317	1920.342
10059	52	2230.244	1944.132
10059	29	2230.252	1950.076
10059	34	2230.26	1956.019
10059	140	2230.268	1961.963
10059	39	2230.275	1967.907
10059	54	2230.283	1973.85
10059	29	2230.291	1979.794
10059	33	2230.299	1985.738
10064	54	2230.307	1991.681
10064	51	2230.514	1998
10064	52	2230.323	2003.569
10064	52	2230.331	2009.512
10064	79	2230.338	2015.456
10064	147	2230.511	2021.507
10064	37	2230.354	2027.343
10064	73	2230.362	2033.287
10064	51	2230.37	2039.231
10064	60	2230.378	2045.174
10064	60	2230.344	2051.327
10064	31	2230.394	2057.062
10064	123	2230.508	2063.473
10064	35	2230.495	2069
10064	62	2230.417	2074.893
10064	68	2230.425	2080.836
10064	18	2230.433	2086.78
10064	63	2230.441	2092.724
10064	30	2230.448	2098.667
10064	55	2230.457	2104.611
10066	62	2230.325	2110.651
10066	50	2230.472	2116.498
10066	45	2230.48	2122.442
10066	24	2230.488	2128.386
10066	51	2222.73	199.6871
10066	43	2222.738	205.6308
10066	70	2222.746	211.5744
10066	50	2222.761	223.4618
10066	48	2222.777	235.3491
10066	24	2223	241.429
10066	30	2222.793	247.2365
10066	51	2222.801	253.1801
10066	71	2222.809	259.1238
10066	55	2222.816	265.0675
10066	61	2222.824	271.0111
10066	37	2222.552	277
10066	32	2222.84	282.8985
10066	32	2222.55	288.5327
10066	33	2222.856	294.7858
10066	84	2222.864	300.7295
10066	66	2222.872	306.6732
10066	46	2223.285	312.3975
10066	46	2222.887	318.5605
10066	70	2222.895	324.5042
10066	44	2222.972	330.468
10066	62	2222.911	336.3915
10068	43	2222.919	342.3352
10068	50	2222.927	348.2788
10068	78	2222.935	354.2225
10068	78	2222.693	360.3329
10068	59	2222.95	366.1098
10068	39	2222.958	372.0535
10068	42	2222.966	377.9972
10068	55	2222.974	383.9409
10068	51	2222.982	389.8845
10068	45	2222.707	395.416
10068	66	2222.998	401.7719
10068	57	2223.005	407.7155
10068	57	2223.013	413.6592
10068	73	2223.528	419.4721
10068	65	2223.029	425.5465
10068	72	2223.037	431.4902
10068	246	2223.045	437.4339
10068	117	2223.053	443.3776
10068	37	2223	449.5107
10068	39	2223.068	455.2649
10068	54	2223.076	461.2086
10068	31	2223.084	467.1522
10070	10	2223.092	473.0959
10070	71	2223.448	479.4453
10070	65	2222.7	485.2775
10070	69	2223.116	490.9269
10070	68	2223.321	496.6749
10070	26	2223.131	502.8142
10070	28	2223.139	508.7579
10070	73	2223.147	514.7016
10070	51	2223.155	520.6453
10070	60	2223	526.4771
10070	58	2223.171	532.5326
10070	57	2223.187	544.4199
10070	26	2223.194	550.3636
10070	88	2223.202	556.3073
10070	43	2223.21	562.2509
10070	157	2222.491	568.4911
10070	66	2223.226	574.1383
10070	114	2223.491	580
10070	38	2223.241	586.0256
10070	46	2223.25	591.9693
10072	35	2223.489	597.5223
10072	62	2223.265	603.8566
10072	21	2223.273	609.8003
10072	65	2223.281	615.744
10072	16	2223.289	621.6876
10072	4483	2223.297	627.6313
10072	54	2223.304	633.575
10072	57	2223.313	639.5187
10072	47	2223.32	645.4623
10072	32	2223.328	651.406
10072	40	2223.336	657.3497
10072	44	2223.344	663.2933
10072	82	2223.352	669.237
10072	54	2223.36	675.1807
10072	53	2223.367	681.1243
10072	33	2223.51	687.024
10072	40	2223.383	693.0117
10072	117	2223.391	698.9553
10072	18	2223.407	710.8427
10075	71	2223.415	716.7864
10075	38	2223.423	722.73
10075	57	2223.509	728.5413
10075	49	2223.438	734.6174
10075	40	2223.446	740.561
10075	48	2223	746.453
10075	51	2223.462	752.4484
10075	38	2223.554	758.4862
10075	86	2223.486	770.2794
10075	80	2223.493	776.223
10075	44	2223.501	782.1667
10075	57	2223.509	788.1104
10075	29	2223.517	794.0541
10075	97	2223.525	799.9977
10075	54	2223.533	805.9414
10075	56	2223.541	811.8851
10079	1024	2223.549	817.8287
10079	901	2223.556	823.7724
10079	899	2223.564	829.7161
10079	1193	2223.504	836
10079	822	2223.58	841.6034
10079	725	2223.588	847.5471
10079	681	2223.596	853.4908
10079	811	2223.604	859.4344
10079	1209	2223.612	865.3781
10079	860	2223.619	871.3218
10079	1213	2223.627	877.2654
10079	991	2223.635	883.2091
10079	923	2223.643	889.1528
10079	901	2223.651	895.0964
10079	932	2223.535	901.0074
10079	1091	2223.667	906.9838
10079	1366	2223.665	913.3489
10082	29	2223.682	918.8711
10082	33	2223.69	924.8148
10082	52	2223.698	930.7585
10082	120	2223.706	936.7021
10082	35	2223.714	942.6458
10082	114	2223.722	948.5895
10082	52	2223.729	954.5331
10082	73	2223.738	960.4768
10082	60	2223.66	966.3071
10082	37	2223.753	972.3641
10082	40	2223.761	978.3078
10082	48	2223.769	984.2515
10082	44	2223.777	990.1951
10082	68	2224	996.4924
10082	42	2223.792	1002.083
10082	35	2223.801	1008.026
10082	55	2223.808	1013.97
10082	41	2223.816	1019.914
10082	46	2223.824	1025.857
10082	36	2223.832	1031.801
10082	67	2223.84	1037.745
10082	62	2224.011	1043.536
10086	61	2223.863	1055.576
10086	36	2223.879	1067.463
10086	81	2223.887	1073.406
10086	51	2223.675	1079.321
10086	63	2224	1085.494
10086	44	2223.911	1091.238
10086	53	2224.434	1097.406
10086	55	2223.544	1103
10086	38	2224.042	1109.424
10086	42	2223.942	1115.012
10086	81	2223.95	1120.956
10086	75	2223.958	1126.9
10086	70	2224	1132.5
10086	38	2223.974	1138.787
10086	53	2223.981	1144.731
10086	44	2223.989	1150.674
10086	48	2223.997	1156.618
10086	128	2224.005	1162.562
10086	78	2224.021	1174.449
10086	38	2224.029	1180.393
10086	42	2223.689	1186.318
10091	39	2224.044	1192.28
10091	37	2224.454	1198.439
10091	87	2224.06	1204.167
10091	48	2224.068	1210.111
10091	55	2224.632	1216.298
10091	23	2223.5	1228
10091	43	2224.1	1233.886
10091	41	2224.107	1239.829
10091	35	2224.115	1245.773
10091	42	2224.123	1251.717
10091	54	2224	1257.49
10091	31	2224.139	1263.604
10091	59	2224.147	1269.548
10091	63	2224.155	1275.491
10091	48	2224.163	1281.435
10091	38	2224.17	1287.379
10091	15	2224.338	1293.308
10091	40	2224.186	1299.266
10091	43	2224.309	1304.98
10092	80	2224.49	1311
10092	41	2224.21	1317.097
10092	39	2224.218	1323.041
10092	43	2224.226	1328.984
10092	52	2224	1334.539
10092	67	2224.241	1340.872
10092	38	2224.249	1346.815
10092	69	2224.257	1352.759
10092	30	2224.265	1358.703
10092	35	2224.273	1364.646
10093	70	2224.281	1370.59
10093	58	2224.288	1376.534
10093	35	2224.296	1382.477
10093	56	2224.304	1388.421
10093	50	2224.312	1394.365
10093	30	2224.32	1400.308
10093	53	2224.328	1406.252
10093	47	2224.336	1412.196
10093	34	2224.344	1418.139
10093	34	2224.506	1424
10093	36	2224.36	1429.674
10093	45	2224.367	1435.97
10093	26	2224.375	1441.914
10093	105	2224.383	1447.858
10093	68	2224.391	1453.801
10093	32	2224.498	1459.49
10093	37	2224.406	1465.689
10093	33	2224.414	1471.632
10093	179	2224.422	1477.576
10093	21	2224.49	1483
10093	52	2224.438	1489.463
10095	105	2224.506	1495.498
10095	49	2224.454	1501.351
10095	36	2224.462	1507.294
10095	67	2224.469	1513.238
10095	67	2224.477	1519.182
10095	66	2224.485	1525.125
10095	69	2224.493	1531.069
10095	63	2224.501	1537.013
10095	49	2224.509	1542.956
10095	57	2224.677	1548.649
10095	26	2224.525	1554.844
10095	54	2224.532	1560.787
10095	61	2224.54	1566.731
10095	34	2224	1572.482
10095	36	2224.556	1578.618
10097	49	2224	1584.509
10097	27	2224.572	1590.506
10097	42	2224.58	1596.449
10097	42	2224.595	1608.337
10097	52	2224.603	1614.281
10097	66	2224.611	1620.224
10097	30	2224.665	1626.319
10097	41	2224.627	1632.111
10097	28	2224.635	1638.055
10097	54	2224.643	1643.999
10097	54	2224.651	1649.943
10097	40	2224.658	1655.886
10097	57	2224.37	1661.685
10097	67	2224.69	1679.661
10097	62	2224.698	1685.604
10097	38	2224.706	1691.548
10100	47	2224.714	1697.492
10100	30	2224.721	1703.436
10100	44	2224.729	1709.379
10100	36	2224.737	1715.323
10100	35	2224.745	1721.266
10100	59	2224.753	1727.21
10100	39	2224.761	1733.154
10100	77	2224.769	1739.098
10100	23	2224.776	1745.041
10100	54	2224.784	1750.985
10100	63	2224.792	1756.929
10100	54	2224	1762.487
10100	38	2224.808	1768.816
10100	57	2224.816	1774.76
10100	48	2224.97	1780.5
10100	31	2224.832	1786.647
10100	77	2224.839	1792.591
10100	40	2224.847	1798.534
10100	43	2224.855	1804.478
10102	159	2224.863	1810.422
10102	108	2224.538	1816.463
10102	163	2224.879	1822.309
10102	124	2224.887	1828.253
10102	81	2224.895	1834.196
10102	82	2224.902	1840.14
10102	67	2224.91	1846.084
10102	60	2224.918	1852.027
10102	256	2224.926	1857.971
10102	99	2224.934	1863.915
10102	139	2224.942	1869.858
10102	84	2224.95	1875.802
10102	86	2224.958	1881.746
10102	132	2224.965	1887.689
10102	92	2225	1893.489
10102	124	2224.989	1905.52
10102	185	2224.997	1911.464
10102	157	2225.005	1917.408
10102	170	2225.013	1923.351
10102	98	2225.021	1929.295
10102	126	2225	1935.492
10102	78	2225.036	1941.182
10110	138	2225.044	1947.126
10110	31	2224.693	1953.335
10110	46	2225.06	1959.013
10110	32	2225.068	1964.957
10110	69	2225.076	1970.901
10110	61	2225.083	1976.844
10110	45	2225.091	1982.788
10110	47	2225.099	1988.732
10110	57	2225.107	1994.675
10110	42	2225.115	2000.619
10110	39	2225.468	2006.474
10110	40	2225.131	2012.506
10110	39	2225	2018.47
10110	85	2225.146	2024.394
10110	41	2225.154	2030.337
10110	40	2225.162	2036.281
10110	111	2225.33	2042.638
10110	65	2225.178	2048.168
10110	32	2225.186	2054.112
10110	33	2225.194	2060.056
10110	52	2225.201	2065.999
10110	32	2225.209	2071.943
10110	160	2225.217	2077.887
10110	41	2225.225	2083.83
10114	32	2225.48	2095.55
10114	34	2225.508	2101
10114	22	2225	2113.496
10114	33	2225.488	2119.49
10114	37	2225.503	2131.523
10114	34	2217.522	197
10114	54	2217.53	202.6812
10114	53	2217.546	214.5685
10114	78	2217.538	220.485
10114	27	2217.562	226.4558
10114	40	2217.569	232.3995
10114	48	2217.688	238.3531
10114	59	2217.585	244.2868
10114	43	2217.593	250.2305
10114	47	2217.601	256.1742
10114	33	2217.609	262.1179
10114	91	2217.617	268.0615
10114	27	2217.625	274.0052
10114	53	2217.632	279.9489
10114	52	2217.648	291.8362
10114	41	2217.656	297.7799
10121	292	2217.664	303.7235
10121	54	2217.672	309.6672
10121	63	2217.68	315.6109
10121	45	2217.688	321.5545
10121	30	2217.695	327.4982
10121	37	2217.703	333.4419
10121	129	2217.711	339.3856
10121	59	2217.647	345.2899
10121	32	2217.727	351.2729
10121	64	2217.735	357.2166
10121	53	2217.743	363.1602
10121	73	2217.75	369.1039
10121	34	2217.758	375.0476
10121	42	2217.766	380.9912
10121	53	2217.774	386.9349
10121	44	2217.782	392.8786
10121	49	2217.79	398.8223
10121	69	2217.798	404.7659
10128	39	2217.806	410.7096
10128	35	2217.534	416.5629
10128	73	2217.821	422.5969
10128	61	2217.829	428.5406
10128	64	2217.837	434.4843
10128	66	2217.707	440.3566
10128	46	2217.853	446.3716
10128	59	2217.861	452.3153
10128	53	2217.868	458.2589
10128	45	2217.876	464.2026
10128	76	2218.307	470.2934
10128	57	2217.892	476.09
10128	15	2217.9	482.0336
10128	58	2217.908	487.9773
10128	136	2217.916	493.921
10128	66	2217.924	499.8646
10128	45	2217.931	505.8083
10128	63	2217.939	511.752
10128	34	2217.947	517.6956
10128	47	2217.963	529.583
10128	47	2218.442	535
10128	110	2217.979	541.4703
10128	67	2217.987	547.414
10128	51	2217.994	553.3577
10128	48	2218.002	559.3013
10128	36	2218.01	565.245
10128	62	2218.018	571.1887
10128	34	2218.026	577.1323
10128	143	2218.034	583.076
10129	150	2218.306	588.6693
10129	50	2218.05	594.9634
10129	42	2218.057	600.907
10129	43	2218.081	618.738
10129	89	2218.089	624.6817
10129	52	2218.105	636.569
10129	52	2218.113	642.5127
10129	85	2218.12	648.4564
10129	74	2218.128	654.4
10129	66	2218.136	660.3437
10129	67	2218.144	666.2874
10129	156	2218.152	672.2311
10129	66	2218.16	678.1747
10129	35	2218.168	684.1184
10129	48	2218.176	690.0621
10129	66	2218.183	696.0057
10129	23	2218.028	701.5234
10129	26	2218.199	707.8931
10129	46	2218.207	713.8367
10129	26	2218.215	719.7804
10129	49	2218.223	725.7241
10129	57	2218.231	731.6677
10129	64	2218.239	737.6115
10129	95	2218.246	743.5551
10129	41	2218.254	749.4988
10129	69	2218.262	755.4424
10131	40	2218.27	761.3861
10131	84	2218.472	767.4455
10131	85	2218.286	773.2734
10131	51	2218.294	779.2171
10131	88	2218.302	785.1608
10131	38	2218.309	791.1044
10131	34	2218.324	797.3194
10131	66	2218.325	802.9918
10131	35	2218.333	808.9355
10131	50	2218.341	814.8792
10131	64	2218.349	820.8228
10131	17	2218	826.5121
10131	41	2218.365	832.7101
10131	34	2218.372	838.6538
10131	28	2218.38	844.5975
10131	42	2218.326	850.3035
10131	36	2218.396	856.4848
10131	38	2218.027	862.4824
10131	56	2218.419	874.3158
10131	59	2218.427	880.2595
10131	54	2218.499	886.4673
10131	31	2218.443	892.1469
10131	39	2218.451	898.0905
10131	99	2218.459	904.0342
10131	51	2218.467	909.9778
10131	61	2218.475	915.9215
10131	74	2218.515	921.5535
10132	106	2218.49	927.8088
10132	104	2218.498	933.7525
10132	84	2218.506	939.6962
10132	29	2218.514	945.6398
10132	63	2218.522	951.5836
10132	18	2218.53	957.5272
10132	93	2218.538	963.4709
10132	61	2218.545	969.4146
10132	102	2218.553	975.3582
10132	67	2218.561	981.3019
10132	73	2218.569	987.2455
10132	51	2218.577	993.1892
10132	48	2218.585	999.1329
10132	72	2218.53	1004.976
10132	91	2218.601	1011.02
10132	74	2218.5	1017.004
10132	71	2218.624	1028.851
10132	166	2218.632	1034.795
10132	98	2218.64	1040.739
10132	76	2218.648	1046.682
10132	207	2218.656	1052.626
10132	69	2218.513	1059
10132	37	2218.671	1064.513
10132	89	2218.527	1070.495
10132	68	2218.687	1076.401
10132	60	2218.695	1082.344
10132	80	2218.703	1088.288
10132	75	2218.711	1094.232
10132	130	2218.719	1100.175
10132	77	2218.727	1106.119
10132	65	2218.542	1112.027
10132	118	2218.552	1118.477
10132	65	2219.486	1123.525
10133	601	2218.758	1129.894
10133	468	2218.766	1135.837
10133	517	2218.774	1141.781
10133	358	2218.781	1147.725
10133	450	2218.79	1153.668
10133	517	2218.797	1159.612
10133	521	2218.805	1165.556
10133	500	2218.813	1171.499
10133	345	2218.821	1177.443
10133	465	2218.829	1183.387
10133	485	2218.837	1189.33
10133	471	2218.483	1194.517
10133	493	2218.853	1201.218
10133	490	2218.955	1207.441
10133	537	2218.868	1213.105
10133	413	2218.876	1219.049
10133	479	2218.884	1224.992
10133	652	2218.892	1230.936
10133	358	2218.513	1237
10133	412	2218.907	1242.823
10133	766	2218.916	1248.767
10133	520	2218.923	1254.711
10133	472	2218.931	1260.654
10133	610	2218.939	1266.598
10133	437	2218.947	1272.542
10133	328	2218.963	1284.429
10133	516	2218.97	1290.373
10136	39	2219.462	1296
10136	114	2218.986	1302.26
10136	62	2219.322	1308.318
10136	105	2219.002	1314.147
10136	55	2219.01	1320.091
10136	122	2219.018	1326.035
10136	84	2219.556	1331.556
10136	65	2219.033	1337.922
10136	78	2219.041	1343.866
10136	114	2219.049	1349.809
10136	85	2219.057	1355.753
10136	40	2219.065	1361.697
10136	78	2219.073	1367.64
10136	89	2219.081	1373.584
10136	114	2219.089	1379.528
10136	47	2219.096	1385.471
10138	82	2219	1391.511
10138	50	2219.112	1397.359
10138	39	2219.12	1403.302
10138	72	2219.128	1409.246
10138	66	2219.144	1421.133
10138	50	2219.152	1427.077
10138	83	2219.159	1433.021
10138	77	2219.167	1438.964
10138	22	2219.175	1444.908
10138	62	2219.058	1450.539
10138	41	2219.191	1456.795
10138	61	2219.199	1462.739
10138	43	2219.207	1468.683
10138	54	2219.215	1474.626
10138	40	2219.222	1480.57
10138	69	2219.23	1486.514
10138	55	2218.708	1492.387
10138	24	2219.246	1498.401
10142	430	2219.254	1504.345
10142	379	2219.262	1510.288
10142	896	2219.27	1516.232
10142	420	2219.278	1522.176
10142	562	2219.285	1528.12
10142	471	2220	1534.475
10142	570	2219.301	1540.007
10142	711	2219.309	1545.95
10142	692	2219.317	1551.894
10142	248	2219.325	1557.838
10142	706	2219.333	1563.781
10142	733	2219.341	1569.725
10142	260	2219.348	1575.669
10142	594	2219.356	1581.613
10142	329	2219.372	1593.5
10142	654	2219.38	1599.443
10142	680	2219.388	1605.387
10142	497	2219.491	1611.466
10142	505	2219.404	1617.275
10142	630	2219.411	1623.218
10142	572	2219.419	1629.162
10142	1134	2219.506	1635
10142	232	2219.435	1641.049
10142	904	2219.443	1646.993
10142	566	2219.451	1652.937
10142	719	2219.494	1659
10142	318	2219.466	1664.824
10142	754	2219.474	1670.768
10142	333	2219.332	1676.655
10142	612	2219.512	1682.512
10142	927	2219.674	1694.31
10142	840	2219.513	1700.506
10142	889	2219.521	1706.43
10142	657	2219.529	1712.373
10142	742	2219.537	1718.317
10148	31	2219.545	1724.261
10148	48	2219.561	1736.148
10148	78	2219.569	1742.092
10148	64	2219.548	1748.412
10148	17	2219.584	1753.979
10148	41	2219.592	1759.923
10148	53	2219.6	1765.866
10148	56	2219.608	1771.81
10148	37	2219.616	1777.754
10148	47	2219.624	1783.697
10148	58	2219.632	1789.641
10148	73	2219.64	1795.585
10154	84	2219.55	1801.479
10154	37	2219.655	1807.472
10154	85	2219.663	1813.416
10154	46	2219.671	1819.359
10154	9	2219.679	1825.303
10154	55	2219.687	1831.247
10154	50	2219.344	1837.339
10154	120	2219.703	1843.134
10154	41	2219.71	1849.078
10154	29	2219.718	1855.021
10154	97	2219.669	1861.002
10154	34	2219.734	1866.909
10154	57	2219.742	1872.852
10154	70	2219.75	1878.796
10154	37	2219.758	1884.74
10154	57	2219.766	1890.683
10154	73	2219.773	1896.627
10154	28	2219.781	1902.571
10154	102	2219.797	1914.458
10154	28	2219.805	1920.402
10154	48	2219.813	1926.345
10154	55	2219.821	1932.289
10156	51	2219.829	1938.233
10156	42	2219.506	1945.002
10156	46	2219.844	1950.12
10156	32	2219.852	1956.064
10156	67	2219.86	1962.007
10156	51	2220	1967.547
10156	62	2219.876	1973.895
10156	63	2219.884	1979.838
10156	49	2219.892	1985.782
10156	36	2219.899	1991.726
10156	37	2219.907	1997.669
10156	47	2219.702	2003.328
10156	43	2219.923	2009.557
10156	57	2219.683	2015.344
10156	59	2219.939	2021.444
10156	23	2219.947	2027.388
10161	135	2219.954	2033.331
10161	237	2219.962	2039.275
10161	103	2219.97	2045.219
10161	238	2219.978	2051.162
10161	140	2219.986	2057.106
10161	169	2219.994	2063.05
10161	110	2220.002	2068.993
10161	189	2219.685	2075.32
10161	194	2220.523	2080.523
10161	85	2220.025	2086.824
10161	96	2220.033	2092.768
10161	128	2220.041	2098.712
10161	112	2219.521	2104.521
10161	156	2220.057	2110.599
10161	195	2220.065	2116.543
10161	185	2220.073	2122.486
10161	158	2220.08	2128.43
10161	88	2212.49	205.5573
10161	85	2212.338	211.6189
10161	201	2212.346	217.5626
10161	93	2212.354	223.5062
10162	62	2212.37	235.3936
10162	50	2212.377	241.3372
10162	128	2212.385	247.2809
10162	82	2212.393	253.2246
10162	71	2212.401	259.1682
10162	78	2212.32	265.3447
10162	59	2212.417	271.0556
10162	32	2212.425	276.9993
10162	55	2212.433	282.9429
10162	68	2212.44	288.8866
10162	24	2212.448	294.8303
10162	44	2212.456	300.7739
10162	28	2212.464	306.7176
10162	114	2212.522	312.4261
10164	68	2212.48	318.6049
10164	38	2212.488	324.5486
10164	44	2212.496	330.4923
10164	65	2212.503	336.4359
10164	81	2212.511	342.3796
10164	54	2212.51	348
10164	73	2212.51	354.4413
10164	87	2212.535	360.2106
10164	46	2212.523	366.4588
10164	184	2212.551	372.098
10164	60	2212.652	378.2944
10164	52	2212.566	383.9853
10164	82	2212.677	390.3033
10164	1387	2212.582	395.8727
10164	57	2212.508	402
10164	23	2212.598	407.76
10164	61	2212.521	413.4883
10164	54	2212.614	419.6473
10164	80	2212.621	425.591
10164	31	2212.629	431.5347
10164	71	2212.637	437.4783
10164	38	2212.645	443.422
10164	42	2212.33	449.6441
10164	67	2212.661	455.3094
10164	39	2212.542	461.4256
10164	120	2212.677	467.1967
10164	71	2212.684	473.1404
10164	48	2212.692	479.084
10167	71	2212.7	485.0277
10167	82	2212.341	496.6743
10167	59	2212.724	502.8587
10167	73	2212.516	509
10167	84	2212.74	514.746
10167	72	2212.747	520.6897
10167	30	2212.755	526.6334
10167	29	2212.763	532.577
10167	47	2212.544	538.464
10167	86	2212.779	544.4644
10167	54	2212.787	550.4081
10167	49	2212.795	556.3517
10167	52	2212.802	562.2954
10167	86	2212.81	568.2391
10167	61	2213	574.3638
10167	50	2212.826	580.1264
10167	40	2212.834	586.0701
10167	47	2212.842	592.0137
10167	95	2212.85	597.9574
10167	29	2212.858	603.9011
10168	78	2212.865	609.8447
10168	58	2212.873	615.7885
10168	36	2212.701	621.3614
10168	50	2212.889	627.6758
10168	46	2212.54	633.5084
10168	40	2212.997	639.4607
10168	42	2212.679	645.3336
10168	35	2212.921	651.4504
10168	45	2212.928	657.3941
10168	40	2214	663.5021
10168	69	2212.944	669.2814
10168	58	2212.952	675.2251
10168	91	2212.96	681.1688
10168	53	2212.968	687.1125
10168	64	2212.976	693.0562
10168	45	2212.984	698.9998
10168	55	2212.991	704.9435
10168	67	2212.999	710.8871
10168	51	2213.007	716.8308
10168	78	2213.015	722.7745
10168	43	2213.023	728.7181
10168	82	2213.013	734.5198
10170	577	2213.039	740.6055
10170	382	2213.047	746.5491
10170	312	2212.69	752.3525
10170	513	2213.305	758.3396
10170	322	2213.07	764.3802
10170	365	2213.078	770.3239
10170	254	2213.086	776.2675
10170	206	2213.094	782.2112
10170	227	2213.102	788.1548
10170	431	2213.109	794.0985
10170	261	2213.117	800.0422
10170	251	2212.349	806.3245
10170	252	2213.133	811.9295
10170	282	2213.141	817.8732
10170	303	2213	823.5006
10170	551	2213.157	829.7605
10170	384	2213.165	835.7042
10170	377	2213.172	841.6479
10170	247	2213.18	847.5916
10170	360	2213.188	853.5352
10170	380	2213.196	859.4789
10170	499	2213.204	865.4225
10170	230	2213.212	871.3662
10170	397	2213.22	877.3099
10170	438	2213.228	883.2535
10170	394	2213.235	889.1972
10170	329	2213.49	894.9974
10170	346	2213.251	901.0845
10170	469	2213.259	907.0283
10170	285	2213.267	912.9719
10170	452	2213.283	924.8593
10170	342	2213.291	930.8029
10170	454	2213.497	936.584
10170	609	2213.306	942.6902
10176	1783	2213.314	948.6339
10176	1493	2213.322	954.5776
10176	1290	2213.33	960.5212
10176	1271	2213.5	966.4445
10176	1499	2213.346	972.4086
10176	1534	2213.354	978.3523
10176	1239	2213.51	984.4541
10176	976	2213.377	996.1833
10176	1078	2213.385	1002.127
10176	1250	2213.392	1007.723
10176	1127	2213.401	1014.014
10176	1141	2213.409	1019.958
10176	1033	2213.417	1025.902
10176	1135	2213.424	1031.845
10176	1776	2213.532	1037.532
10176	2201	2213.44	1043.733
10176	983	2213.448	1049.676
10176	1556	2213.456	1055.62
10176	1160	2213.464	1061.564
10176	1993	2213.472	1067.507
10176	1321	2213.362	1073.279
10176	1607	2213.502	1079.455
10176	997	2213.495	1085.338
10176	925	2213.512	1091.512
10176	568	2213.511	1097.226
10176	1360	2213.519	1103.169
10176	1762	2213	1109.5
10176	1083	2213.534	1115.057
10176	1588	2213.542	1121
10180	46	2213.55	1126.944
10180	69	2213.558	1132.888
10180	37	2213.566	1138.831
10180	54	2213.574	1144.775
10180	43	2213.582	1150.719
10180	91	2213.59	1156.662
10180	62	2213.597	1162.606
10180	56	2213.605	1168.55
10180	39	2213.613	1174.493
10180	292	2213.621	1180.437
10180	41	2213.629	1186.381
10180	58	2213.637	1192.324
10180	61	2213.645	1198.268
10180	83	2213.653	1204.212
10180	40	2213.66	1210.155
10180	43	2213.668	1216.099
10180	68	2213.676	1222.043
10180	49	2213.512	1228
10180	33	2213.692	1233.93
10180	42	2213.7	1239.874
10180	34	2213.52	1245.546
10180	32	2213.723	1257.705
10180	21	2213.731	1263.648
10181	48	2213.739	1269.592
10181	112	2213.68	1275.32
10181	41	2213.755	1281.479
10181	42	2213.552	1287.447
10181	50	2213.771	1293.367
10181	65	2213.779	1299.31
10181	35	2213.786	1305.254
10181	75	2213.794	1311.198
10181	119	2213.802	1317.141
10181	46	2213.81	1323.085
10181	52	2213.528	1328
10181	77	2213.561	1334.561
10181	45	2213.834	1340.916
10181	64	2213.842	1346.86
10181	91	2213.849	1352.803
10181	40	2213.857	1358.747
10181	39	2213.865	1364.691
10181	67	2213.873	1370.635
10184	68	2213.695	1376.331
10184	158	2213.889	1382.522
10184	131	2213.683	1388.647
10184	228	2213.905	1394.409
10184	149	2213.92	1406.297
10184	171	2213.928	1412.24
10184	157	2213.936	1418.184
10184	189	2213.944	1424.127
10184	118	2213.952	1430.071
10184	159	2213.96	1436.015
10184	136	2213.968	1441.958
10184	295	2213.975	1447.902
10184	138	2213.983	1453.846
10184	136	2213.991	1459.79
10184	149	2213.999	1465.733
10184	171	2214.007	1471.677
10184	96	2214.343	1477.686
10184	175	2213.537	1483.52
10184	117	2214.031	1489.508
10184	85	2214.038	1495.452
10184	84	2214.054	1507.339
10184	99	2214	1513.491
10187	342	2214.07	1519.226
10187	179	2214.078	1525.17
10187	134	2214.085	1531.114
10187	261	2214.094	1537.057
10187	110	2214.462	1543.437
10187	134	2214.109	1548.945
10187	178	2214.117	1554.888
10187	277	2214.329	1560.689
10187	159	2214.133	1566.776
10187	185	2214.141	1572.719
10187	110	2214.148	1578.663
10187	90	2214.156	1584.607
10187	201	2214.494	1591
10187	174	2214.172	1596.494
10187	116	2214.18	1602.438
10187	363	2214.188	1608.381
10187	242	2214.196	1614.325
10187	241	2214.204	1620.269
10187	238	2214.211	1626.212
10187	202	2214.219	1632.156
10187	160	2214.227	1638.1
10187	151	2214.235	1644.043
10187	186	2214.251	1655.931
10189	175	2214.259	1661.874
10189	325	2214.274	1673.762
10189	204	2214.282	1679.705
10189	160	2214.29	1685.649
10189	162	2214.328	1691.31
10189	218	2214.306	1697.536
10189	262	2214.314	1703.48
10189	258	2214.322	1709.424
10189	263	2214.33	1715.367
10189	162	2214.337	1721.311
10189	206	2214.345	1727.255
10189	204	2214.353	1733.198
10189	296	2214.361	1739.142
10189	202	2214.369	1745.086
10189	205	2214.377	1751.029
10189	415	2214.385	1756.973
10189	140	2214.393	1762.917
10189	118	2214.4	1768.86
10189	582	2214.408	1774.804
10189	255	2214.416	1780.748
10189	194	2214.424	1786.691
10189	169	2214.432	1792.635
10189	183	2214.44	1798.579
10189	135	2214.448	1804.522
10189	208	2214.456	1810.466
10189	163	2214.486	1816.492
10189	191	2214.471	1822.353
10189	227	2214.479	1828.297
10192	99	2214.487	1834.241
10192	33	2214.495	1840.184
10192	127	2214.503	1846.128
10192	44	2214.51	1852.072
10192	49	2214.519	1858.015
10192	37	2214.526	1863.959
10192	39	2214.534	1869.903
10192	59	2214.542	1875.846
10192	99	2214	1881.514
10192	53	2214.352	1893.646
10192	57	2214.573	1899.621
10192	41	2214.582	1905.565
10192	56	2214.557	1917.446
10192	49	2214.605	1923.396
10192	45	2214.613	1929.339
10192	79	2214.621	1935.283
10192	47	2214.629	1941.227
10192	30	2214.497	1947.497
10192	38	2214.645	1953.114
10192	108	2214.652	1959.058
10193	46	2214.66	1965.001
10193	82	2214.668	1970.945
10193	116	2214.676	1976.889
10193	27	2214.514	1982.477
10193	55	2214.692	1988.776
10193	91	2214.699	1994.72
10193	44	2214.707	2000.663
10193	44	2214.715	2006.607
10193	61	2214.723	2012.551
10193	50	2214.739	2024.438
10193	45	2214.747	2030.382
10193	28	2214.755	2036.325
10193	75	2215.496	2042.467
10193	49	2214.786	2060.1
10193	60	2214.794	2066.044
10193	53	2214.802	2071.988
10193	59	2214.81	2077.931
10193	46	2214.525	2083.986
10193	232	2214.825	2089.819
10193	38	2214.996	2095.519
10195	50	2214.841	2101.706
10195	39	2214.857	2113.593
10195	31	2214.865	2119.537
10195	25	2214.873	2125.48
10195	27	2214.881	2131.424
10195	48	2230.516	2178.135
10195	57	2230.522	2184.079
10195	52	2230.528	2190.023
10195	46	2230.534	2195.967
10195	52	2230.54	2201.911
10195	144	2230.546	2207.855
10195	43	2230.552	2213.8
10195	80	2230.558	2219.744
10195	36	2230.564	2225.688
10195	37	2230.571	2231.632
10195	58	2230.583	2243.52
10196	359	2230.589	2249.464
10196	309	2230.515	2255.529
10196	312	2230.601	2261.353
10196	277	2230.607	2267.297
10196	377	2230.613	2273.241
10196	469	2230.619	2279.185
10196	313	2230.541	2284.559
10196	359	2230.631	2291.073
10196	657	2230.637	2297.017
10196	321	2230.566	2302.528
10196	388	2230.65	2308.906
10196	399	2230.656	2314.85
10196	386	2230.662	2320.794
10196	584	2230.668	2326.738
10196	423	2230.674	2332.682
10196	544	2230.506	2338
10196	291	2230.547	2344.493
10196	572	2230.692	2350.514
10196	221	2230.698	2356.458
10196	366	2230.704	2362.403
10196	541	2230.71	2368.347
10196	600	2230.723	2380.235
10196	212	2230.729	2386.179
10201	339	2230.735	2392.123
10201	231	2230.52	2398.012
10201	252	2230.747	2404.011
10201	223	2230.753	2409.956
10201	288	2230.759	2415.9
10201	246	2230.765	2421.844
10201	207	2231	2427.547
10201	168	2230.777	2433.732
10201	302	2230.783	2439.676
10201	248	2230.79	2445.62
10201	238	2230.796	2451.564
10201	243	2230.802	2457.509
10201	416	2230.808	2463.453
10201	224	2230.814	2469.397
10201	274	2230.82	2475.341
10201	363	2230.826	2481.285
10201	279	2230.51	2487
10201	265	2230.838	2493.173
10201	263	2230.85	2505.062
10201	142	2230.509	2511.497
10201	313	2230.863	2516.95
10201	267	2230.869	2522.894
10201	492	2230.875	2528.838
10201	221	2231.494	2535
10201	202	2230.887	2540.726
10201	313	2230.893	2546.671
10202	68	2230.689	2552.342
10202	42	2230.905	2558.559
10202	48	2230.911	2564.503
10202	58	2230.917	2570.447
10202	45	2230.923	2576.391
10202	31	2230.929	2582.335
10202	46	2230.936	2588.28
10202	28	2230.941	2594.224
10202	25	2231	2600.512
10202	34	2230.954	2606.112
10202	16	2230.96	2612.056
10202	52	2230.966	2618
10202	26	2230.972	2623.944
10202	39	2231	2630.496
10202	56	2231.467	2635.533
10202	72	2230.99	2641.777
10202	52	2230.996	2647.721
10202	40	2231.002	2653.665
10202	57	2231.008	2659.609
10202	49	2231.46	2665.507
10202	52	2231	2672.468
10202	36	2231.027	2677.441
10202	65	2231.033	2683.385
10202	39	2232	2689.469
10202	29	2231.045	2695.274
10209	110	2230.501	2701
10209	130	2231.057	2707.162
10209	88	2231.496	2713.477
10209	88	2231.069	2719.05
10209	143	2231.081	2730.938
10209	82	2231.018	2736.509
10209	110	2231.094	2742.827
10209	179	2231.1	2748.771
10209	113	2231.04	2754.524
10209	129	2231.112	2760.659
10209	64	2231.493	2766.477
10215	24	2231.13	2778.491
10215	47	2231.704	2784.636
10215	54	2231.142	2790.38
10215	47	2231.148	2796.324
10215	47	2231.154	2802.268
10215	59	2231.16	2808.212
10215	43	2231.167	2814.156
10215	25	2231.173	2820.1
10215	40	2231.494	2826
10215	57	2231.185	2831.989
10215	46	2231.191	2837.933
10215	53	2231.197	2843.877
10215	72	2231.504	2849.504
10215	37	2231.209	2855.765
10215	61	2231.215	2861.709
10215	50	2231.221	2867.653
10215	35	2231.227	2873.597
10215	41	2231.233	2879.542
10215	49	2231.24	2885.486
10215	60	2231.246	2891.43
10215	39	2231.318	2897.349
10215	51	2231.264	2909.262
10215	75	2231.27	2915.206
10215	28	2231.276	2921.15
10215	35	2231.494	2926.997
10215	68	2231.288	2933.039
10215	39	2231.294	2938.983
10215	49	2231.3	2944.927
10215	36	2231.353	2950.666
10215	50	2231.313	2956.815
10220	350	2231.319	2962.759
10220	976	2230.995	2968.499
10220	514	2231.331	2974.648
10220	505	2231.337	2980.592
10220	458	2231.343	2986.536
10220	431	2231.349	2992.48
10220	503	2231.355	2998.424
10220	487	2231	3004.479
10220	352	2231.367	3010.312
10220	327	2231.373	3016.257
10220	416	2231.379	3022.201
10220	305	2231.385	3028.145
10220	302	2231	3034.503
10220	425	2231.397	3040.033
10220	1295	2231.404	3045.977
10220	558	2231.41	3051.921
10220	284	2231.416	3057.865
10220	404	2231.655	3063.344
10220	435	2231.428	3069.754
10220	658	2231.507	3075.529
10220	440	2231.44	3081.642
10220	554	2231.446	3087.586
10220	501	2231.452	3093.53
10220	546	2231.458	3099.474
10220	587	2231.464	3105.418
10220	350	2231.47	3111.363
10220	431	2231.483	3123.251
10220	252	2231.489	3129.195
10220	284	2231.495	3135.139
10221	169	2231.497	3140.978
10221	32	2231.507	3147.027
10221	225	2231.513	3152.971
10221	55	2231.51	3158.538
10221	113	2231.525	3164.86
10221	41	2231.531	3170.804
10221	49	2231.537	3176.748
10221	67	2231.543	3182.692
10221	34	2231.533	3188.465
10221	26	2231.556	3194.58
10221	49	2231.562	3200.524
10221	121	2231.568	3206.469
10221	61	2231.574	3212.413
10221	49	2231.58	3218.357
10221	56	2231.586	3224.301
10221	49	2231.592	3230.245
10221	70	2231.598	3236.189
10221	36	2231.604	3242.133
10221	52	2231.61	3248.077
10221	85	2231.667	3253.665
10221	27	2232.305	3260.325
10221	32	2231.629	3265.91
10221	37	2231.514	3271.492
10221	45	2231.483	3278
10224	340	2231.669	3283.332
10224	153	2231.653	3289.686
10224	135	2231.659	3295.63
10224	323	2231.551	3301.454
10224	218	2231.671	3307.519
10224	172	2231.677	3313.463
10224	179	2231.683	3319.407
10224	193	2231.689	3325.351
10224	116	2231.521	3331.437
10224	128	2232	3337.495
10224	158	2231.708	3343.183
10224	168	2231.714	3349.127
10224	316	2231.72	3355.072
10224	252	2231.726	3361.016
10224	199	2231.644	3367.292
10224	108	2231.523	3372.556
10239	146	2231.499	3379
10239	58	2231.75	3384.792
10239	125	2231.756	3390.736
10239	90	2231.762	3396.68
10239	138	2231.769	3402.625
10239	91	2231.986	3408.483
10239	92	2231.781	3414.513
10239	70	2231.787	3420.457
10239	43	2232	3426.446
10239	76	2231.799	3432.345
10239	128	2231.493	3439
10239	148	2231.817	3450.178
10239	137	2231.823	3456.122
10239	49	2231.829	3462.066
10239	112	2231.835	3468.01
10239	99	2231.841	3473.954
10239	82	2231.998	3479.529
10239	92	2231.86	3491.787
10239	80	2231.866	3497.731
10239	70	2231.872	3503.675
10239	99	2232	3509.508
10239	81	2231.884	3515.563
10240	26	2231.89	3521.507
10240	106	2231.896	3527.451
10240	118	2231.902	3533.396
10240	33	2231.908	3539.34
10240	91	2231.914	3545.284
10240	52	2231.92	3551.228
10240	70	2231.927	3557.172
10240	38	2231.511	3563
10240	59	2231.939	3569.06
10240	28	2232.507	3575
10240	54	2231.951	3580.948
10240	54	2232.065	3586.585
10240	33	2231.963	3592.837
10240	209	2231.969	3598.781
10240	42	2231.975	3604.725
10240	60	2231.981	3610.669
10240	58	2231.987	3616.613
10240	45	2231.993	3622.557
10240	84	2231.489	3629
10240	42	2232.006	3634.446
10240	58	2232.012	3640.39
10240	35	2232.018	3646.334
10240	55	2232.024	3652.278
10243	65	2232.477	3658.448
10243	64	2232.036	3664.166
10243	34	2232.042	3670.11
10243	42	2232.048	3676.054
10243	48	2232.054	3681.999
10243	58	2232.06	3687.943
10243	69	2231.506	3694
10243	84	2232.073	3699.831
10243	53	2232.079	3705.775
10243	56	2232.085	3711.719
10243	37	2232.091	3717.663
10243	84	2232.097	3723.607
10243	73	2231.537	3729.46
10243	40	2232.109	3735.496
10243	91	2232.115	3741.44
10243	53	2231.503	3747.497
10243	48	2232.127	3753.328
10243	70	2232.133	3759.272
10243	46	2232.139	3765.216
10246	60	2232.146	3771.16
10246	47	2232.152	3777.104
10246	42	2232.158	3783.049
10246	31	2232.164	3788.993
10246	46	2232.17	3794.937
10246	59	2231.518	3801.482
10246	185	2232.182	3806.825
10246	60	2232.188	3812.769
10246	46	2232.484	3818.54
10246	78	2232.2	3824.657
10246	40	2232.206	3830.602
10246	74	2232.212	3836.546
10246	53	2232.361	3842.309
10246	97	2232.224	3848.434
10253	500	2232.23	3854.378
10253	411	2232.237	3860.322
10253	350	2232.243	3866.266
10253	429	2232.249	3872.211
10253	268	2232.505	3877.982
10253	410	2232.261	3884.099
10253	345	2232.267	3890.043
10253	520	2232.273	3895.987
10253	388	2232.279	3901.931
10253	1164	2232.285	3907.875
10253	268	2232.291	3913.82
10253	294	2232.668	3919.319
10253	276	2232.303	3925.708
10253	287	2232.31	3931.652
10253	318	2232.316	3937.596
10253	476	2232.322	3943.54
10253	299	2232.328	3949.484
10253	426	2232.334	3955.428
10253	296	2232.34	3961.373
10255	127	2232.491	3967
10255	91	2232.352	3973.261
10255	100	2232.501	3979.008
10255	91	2232.364	3985.149
10255	92	2232.37	3991.093
10255	42	2232.52	3997.454
10255	63	2232.494	4002
10255	110	2232.389	4008.926
10255	110	2232.395	4014.87
10255	88	2232.401	4020.814
10255	90	2232.509	4026.531
10255	101	2232.354	4032.673
10255	72	2232.419	4038.646
10255	92	2232.425	4044.59
10255	151	2232.431	4050.534
10255	144	2232.437	4056.479
10255	90	2232.443	4062.423
10255	116	2232.449	4068.367
10255	57	2232.456	4074.311
10255	81	2232.462	4080.255
10259	94	2232.468	4086.199
10259	281	2232.474	4092.143
10259	120	2232.493	4104.493
10259	152	2232.492	4109.976
10259	223	2225.309	2181.107
10259	145	2225.315	2187.052
10259	668	2225.321	2192.996
10259	171	2225.35	2198.697
10259	147	2225.498	2204.498
10259	133	2225.339	2210.828
10259	161	2225.345	2216.772
10259	339	2225.357	2228.66
10259	147	2225.363	2234.604
10259	172	2225.369	2240.549
10259	109	2225.375	2246.493
10259	81	2225.382	2252.437
10259	168	2225.388	2258.381
10259	94	2225.492	2264.486
10259	148	2225.545	2270.479
10259	181	2225.406	2276.213
10259	47	2225.412	2282.157
10259	190	2225.424	2294.046
10259	184	2225.43	2299.99
10259	90	2225.442	2311.878
10259	267	2225.448	2317.822
10259	125	2225.455	2323.766
10259	98	2225.461	2329.71
10259	124	2225.467	2335.655
10259	129	2225.473	2341.599
10273	36	2225.479	2347.543
10273	48	2225.485	2353.487
10273	49	2225.491	2359.431
10273	36	2225.497	2365.375
10273	76	2225.495	2371
10273	53	2225.509	2377.263
10273	37	2225.515	2383.208
10273	75	2225.665	2389.679
10273	111	2225.528	2395.096
10273	29	2225.534	2401.04
10273	55	2225.54	2406.984
10273	17	2225.546	2412.928
10273	59	2225.552	2418.872
10273	38	2225.558	2424.816
10273	39	2225.564	2430.76
10274	51	2225.57	2436.705
10274	64	2225.576	2442.649
10274	275	2225.582	2448.593
10274	45	2225.588	2454.537
10274	46	2225.594	2460.481
10274	28	2225.601	2466.425
10274	56	2225.973	2472.485
10274	47	2225.581	2478.448
10274	131	2225.619	2484.258
10274	59	2225.625	2490.202
10274	30	2226	2496.457
10274	37	2225.637	2502.09
10274	43	2225.507	2508
10274	22	2225.316	2513.338
10274	105	2225.655	2519.923
10274	25	2225.661	2525.867
10274	42	2225.667	2531.811
10274	40	2225.541	2538
10274	54	2225.679	2543.699
10274	27	2225.686	2549.643
10274	66	2225.692	2555.587
10274	68	2225.698	2561.531
10274	24	2225.54	2573.465
10274	33	2225.716	2579.364
10274	24	2225.722	2585.308
10274	58	2225.029	2591.645
10274	41	2225.734	2597.196
10274	77	2225.74	2603.14
10274	30	2225.746	2609.084
10278	1097	2225.752	2615.029
10278	880	2225.759	2620.973
10278	805	2225.765	2626.917
10278	1201	2225.783	2644.749
10278	633	2225.679	2651.655
10278	654	2225.795	2656.637
10278	650	2225.801	2662.582
10278	660	2225.807	2668.526
10278	941	2225.813	2674.47
10278	904	2225.819	2680.414
10278	660	2225.825	2686.358
10278	583	2225.544	2692.442
10278	1341	2225.838	2698.246
10278	878	2225.844	2704.19
10278	958	2225.85	2710.135
10278	833	2225.856	2716.079
10278	1077	2225.862	2722.023
10278	820	2225.868	2727.967
10279	27	2225.874	2733.911
10279	56	2225.88	2739.855
10279	158	2225.886	2745.799
10279	21	2225.892	2751.743
10279	52	2225.898	2757.688
10279	35	2225.563	2763.523
10279	58	2225.911	2769.576
10279	1621	2225.917	2775.52
10279	107	2225.923	2781.464
10279	36	2225.929	2787.408
10279	43	2225.935	2793.352
10279	38	2225.941	2799.296
10279	59	2226.468	2804.495
10279	43	2225.953	2811.185
10279	49	2226.477	2817.479
10279	83	2225.51	2823.49
10279	86	2225.971	2829.017
10279	78	2225.978	2834.961
10279	52	2225.984	2840.905
10279	75	2225.99	2846.849
10279	43	2225.996	2852.793
10280	67	2226.049	2858.542
10280	53	2226.008	2864.682
10280	63	2226.322	2870.325
10280	65	2225.517	2876.99
10280	31	2226.026	2882.514
10280	60	2226.032	2888.458
10280	87	2226.038	2894.402
10280	21	2226.044	2900.346
10280	69	2226.051	2906.291
10280	61	2226.057	2912.235
10280	88	2226.063	2918.179
10280	49	2226.069	2924.123
10280	34	2225.519	2930
10280	25	2226.081	2936.011
10280	37	2226.087	2941.955
10280	26	2226	2947.599
10280	47	2226.099	2953.844
10280	42	2226.105	2959.788
10280	30	2226.111	2965.732
10280	29	2226.117	2971.676
10280	40	2226.124	2977.62
10280	60	2226.129	2983.564
10280	42	2226.473	2989.459
10280	55	2226.142	2995.453
10280	50	2226.148	3001.397
10280	53	2226.154	3007.341
10286	140	2226.16	3013.285
10286	112	2226.166	3019.229
10286	107	2226.319	3025.339
10286	55	2226.178	3031.117
10286	81	2226.184	3037.062
10286	80	2226.19	3043.006
10286	118	2226.196	3048.95
10286	56	2226.202	3054.894
10286	117	2226.208	3060.838
10286	103	2226.215	3066.782
10286	97	2226.221	3072.726
10286	74	2226.227	3078.67
10286	148	2226.233	3084.615
10286	73	2226.239	3090.559
10286	84	2226.245	3096.503
10286	102	2226.251	3102.447
10286	83	2226.257	3108.391
10286	102	2226.263	3114.335
10286	100	2226.269	3120.279
10286	112	2226.275	3126.223
10286	61	2226.281	3132.167
10288	39	2226.288	3138.112
10288	114	2226.294	3144.056
10288	57	2226.3	3150
10288	46	2226.306	3155.944
10288	49	2226.312	3161.888
10288	70	2226.318	3167.832
10288	123	2226.324	3173.776
10288	38	2226.462	3179.554
10288	12	2226.336	3185.665
10288	37	2226.342	3191.609
10288	43	2226.348	3197.553
10288	83	2226.354	3203.497
10288	53	2226.361	3209.441
10288	40	2226.367	3215.385
10288	63	2226.373	3221.329
10288	41	2226.379	3227.273
10288	36	2226.385	3233.218
10288	44	2226.51	3239
10288	446	2226.348	3244.698
10288	69	2226.403	3251.05
10289	46	2226.409	3256.994
10289	37	2226.415	3262.938
10289	27	2226.492	3269
10289	42	2226.427	3274.826
10289	68	2226.434	3280.771
10289	38	2226.44	3286.715
10289	18	2226.446	3292.659
10289	60	2226.452	3298.603
10289	26	2226.458	3304.547
10289	35	2226.464	3310.491
10289	48	2226.487	3316.485
10289	27	2226.476	3322.379
10289	32	2226.482	3328.323
10289	78	2226.488	3334.268
10289	79	2226.494	3340.212
10289	66	2226.5	3346.156
10289	38	2226.507	3352.1
10289	68	2226.479	3358.42
10289	37	2226.519	3363.988
10289	41	2226.525	3369.932
10289	38	2226.531	3375.877
10289	56	2226.537	3381.821
10291	84	2226.543	3387.765
10291	45	2226.49	3394
10291	50	2226.555	3399.653
10291	62	2226.561	3405.597
10291	57	2226.567	3411.541
10291	26	2226.573	3417.486
10291	72	2226.335	3423.674
10291	303	2226.585	3429.374
10291	66	2226.592	3435.318
10291	50	2226.598	3441.262
10291	85	2226.604	3447.206
10291	66	2226.61	3453.15
10291	49	2226.509	3459.004
10291	35	2226.622	3465.039
10291	29	2226.634	3476.927
10291	68	2226.64	3482.871
10291	107	2226.646	3488.815
10291	80	2226.652	3494.759
10291	30	2226.658	3500.703
10291	25	2226.665	3506.647
10291	89	2226.671	3512.592
10291	52	2226.677	3518.536
10291	57	2226.683	3524.48
10292	54	2226.689	3530.424
10292	15	2226.695	3536.368
10292	43	2226.701	3542.312
10292	45	2226.707	3548.256
10292	117	2226.521	3554.479
10292	54	2226.719	3560.145
10292	36	2226.725	3566.089
10292	51	2226.731	3572.033
10292	32	2226.738	3577.977
10292	57	2226.744	3583.921
10292	56	2226.75	3589.865
10292	40	2226.756	3595.809
10292	133	2227.517	3601.517
10292	34	2226.768	3607.698
10292	33	2226.774	3613.642
10292	24	2226.78	3619.586
10292	47	2226.786	3625.53
10292	48	2226.792	3631.474
10292	38	2226.798	3637.418
10292	37	2226.667	3643.305
10296	382	2226.811	3649.306
10296	38	2226.817	3655.25
10296	91	2226.519	3661
10296	49	2226.829	3667.139
10296	59	2226.835	3673.083
10296	60	2226.847	3684.971
10296	79	2226.853	3690.915
10296	249	2226.859	3696.859
10296	72	2226.865	3702.803
10296	33	2226.871	3708.748
10296	54	2226.877	3714.692
10296	45	2227	3720.455
10296	60	2226.89	3726.58
10296	71	2226.896	3732.524
10296	54	2226.902	3738.468
10296	51	2226.914	3750.356
10296	52	2226.92	3756.301
10296	26	2226.964	3762.44
10296	58	2226.938	3774.133
10296	42	2226.357	3779.69
10296	67	2226.95	3786.021
10301	26	2226.962	3797.909
10301	28	2226.969	3803.854
10301	41	2226.975	3809.798
10301	44	2226.557	3815.533
10301	31	2226.987	3821.686
10301	58	2226.993	3827.63
10301	41	2226.999	3833.574
10301	55	2227.005	3839.518
10301	54	2227.011	3845.463
10301	53	2227.017	3851.407
10301	52	2226.509	3857
10301	43	2227.029	3863.295
10301	20	2227.035	3869.239
10301	83	2227.042	3875.183
10301	82	2227.048	3881.127
10309	98	2227.054	3887.072
10309	46	2227.06	3893.016
10309	65	2227.329	3899.324
10309	70	2227.336	3905.662
10309	69	2227.078	3910.848
10309	77	2227.084	3916.792
10309	53	2227.09	3922.736
10309	28	2227.325	3928.648
10309	68	2227.102	3934.625
10309	32	2227.108	3940.569
10309	140	2227	3947.496
10309	72	2227.121	3952.457
10309	52	2227.127	3958.401
10309	62	2227.133	3964.345
10309	68	2227.139	3970.289
10309	159	2227.145	3976.233
10309	164	2227.151	3982.177
10309	80	2227.157	3988.122
10309	926	2227.475	3993.959
10309	74	2227.169	4000.01
10309	58	2227.175	4005.954
10309	60	2227.181	4011.898
10309	33	2227.188	4017.842
10309	20	2227.194	4023.786
10309	45	2227.2	4029.73
10309	127	2227.206	4035.675
10309	43	2227.479	4041.493
10315	56	2227.224	4053.507
10315	42	2227.23	4059.451
10315	59	2227.242	4071.339
10315	43	2227.248	4077.283
10315	51	2227.254	4083.228
10315	115	2227.26	4089.172
10315	38	2227.267	4095.116
10315	47	2227.273	4101.06
10315	50	2227.279	4107.004
10315	51	2227.49	4113.49
10324	129	2220.095	2178.136
10324	98	2220.101	2184.08
10324	127	2220.107	2190.024
10324	102	2220.114	2195.968
10324	148	2220.12	2201.912
10324	146	2220.126	2207.856
10324	119	2220.495	2214
10324	226	2220.138	2219.745
10324	120	2220.479	2225.494
10324	126	2220.15	2231.633
10324	74	2220.156	2237.577
10324	95	2220.162	2243.521
10324	218	2220	2249.493
10324	250	2220.174	2255.409
10324	114	2220.18	2261.354
10324	486	2220.187	2267.298
10324	112	2220.193	2273.242
10324	136	2220.199	2279.186
10324	86	2220.205	2285.13
10324	116	2220.211	2291.074
10324	89	2220.217	2297.018
10324	118	2220.223	2302.962
10324	44	2220.509	2308
10324	172	2220.235	2314.851
10324	242	2220.241	2320.795
10326	50	2220.5	2326.528
10326	32	2220.253	2332.683
10326	71	2220.26	2338.627
10326	55	2220.266	2344.571
10326	38	2220.272	2350.515
10326	61	2220.5	2356.502
10326	39	2220.487	2362.459
10326	36	2220.29	2368.348
10326	41	2220.296	2374.292
10326	638	2220.516	2380.484
10326	62	2220.292	2386.626
10326	77	2220.314	2392.124
10326	33	2220.32	2398.068
10326	147	2220	2404.515
10326	52	2220.333	2409.957
10326	52	2220.339	2415.901
10326	39	2220.345	2421.845
10326	60	2220.351	2427.789
10326	97	2220.357	2433.733
10326	49	2220.363	2439.677
10326	31	2220.369	2445.621
10327	38	2220.375	2451.566
10327	46	2220.381	2457.51
10327	66	2220.387	2463.454
10327	45	2220.393	2469.398
10327	66	2220.399	2475.342
10327	73	2220.406	2481.286
10327	82	2220.411	2487.23
10327	31	2220.357	2493.668
10327	60	2220.424	2499.119
10327	43	2220.43	2505.063
10327	34	2220.436	2511.007
10327	38	2220.442	2516.951
10327	39	2220.448	2522.895
10327	32	2220.454	2528.839
10327	34	2220.46	2534.783
10327	52	2220.466	2540.728
10327	62	2220.472	2546.672
10327	50	2220.546	2552.527
10327	66	2220.346	2558.691
10327	53	2220.49	2564.504
10327	52	2221	2571.495
10327	53	2220.503	2576.392
10327	100	2220.504	2582
10327	30	2220.515	2588.281
10328	49	2220.521	2594.225
10328	90	2220.527	2600.169
10328	35	2220.558	2606.059
10328	43	2220.516	2611.998
10328	55	2220.545	2618.001
10328	68	2220.554	2623.514
10328	55	2220.557	2629.889
10328	208	2220.51	2635.49
10328	26	2220.57	2641.778
10328	68	2220.576	2647.722
10328	70	2220.508	2653.508
10328	69	2220.588	2659.61
10328	80	2220.594	2665.554
10328	40	2220.557	2671.447
10328	30	2221.491	2678
10328	42	2220.612	2683.386
10332	85	2220.618	2689.331
10332	115	2220.624	2695.275
10332	219	2220.63	2701.219
10332	146	2220.636	2707.163
10332	314	2220.649	2719.051
10332	222	2220.655	2724.995
10332	397	2220.51	2731
10332	162	2220.667	2736.884
10332	159	2220.673	2742.828
10332	160	2220.679	2748.772
10332	259	2220.685	2754.716
10332	174	2220	2760.526
10332	127	2220.697	2766.604
10332	109	2220.703	2772.548
10332	89	2220.709	2778.492
10332	133	2220.716	2784.437
10332	108	2220.512	2790.488
10332	133	2220.728	2796.325
10332	181	2220.734	2802.269
10333	263	2220.74	2808.213
10333	197	2220.746	2814.157
10333	169	2220.752	2820.101
10333	315	2220.758	2826.045
10333	204	2220.764	2831.99
10333	378	2220.77	2837.934
10333	382	2220.776	2843.878
10333	308	2220.782	2849.822
10333	205	2220.789	2855.766
10333	182	2220.795	2861.71
10333	219	2220.801	2867.654
10333	182	2220.807	2873.599
10333	441	2220.813	2879.543
10333	186	2221	2885.505
10333	264	2220.825	2891.431
10333	211	2220.831	2897.375
10333	248	2220.837	2903.319
10338	59	2220.843	2909.263
10338	29	2220.849	2915.207
10338	166	2220.855	2921.152
10338	40	2220.861	2927.096
10338	72	2220.867	2933.04
10338	36	2221	2939.456
10338	74	2220.88	2944.928
10338	9	2220.886	2950.872
10338	150	2220.998	2956.532
10338	36	2220.514	2963
10338	34	2220.904	2968.705
10341	981	2220.91	2974.649
10341	1023	2220.916	2980.593
10341	1176	2220.922	2986.537
10341	1501	2220.928	2992.481
10341	1310	2220.519	2998.519
10341	1304	2220.94	3004.369
10341	1130	2220.947	3010.313
10341	723	2220.953	3016.258
10341	1050	2220.959	3022.202
10341	1095	2220.733	3028.591
10341	1134	2220.977	3040.034
10341	1212	2220.983	3045.978
10341	893	2221.001	3063.811
10341	1255	2221.013	3075.699
10341	1210	2221.02	3081.643
10341	1070	2221.026	3087.587
10341	1287	2221.032	3093.531
10341	1436	2221.038	3099.475
10343	573	2221.044	3105.419
10343	278	2221.05	3111.364
10343	556	2221.485	3117
10343	631	2221.062	3123.252
10343	666	2221.068	3129.196
10343	399	2220.667	3135.678
10343	389	2221.08	3141.084
10343	543	2221.086	3147.028
10343	222	2221.093	3152.972
10343	676	2221.099	3158.917
10343	344	2221.019	3164.527
10343	366	2221.111	3170.805
10343	706	2221.117	3176.749
10343	381	2221.123	3182.693
10343	267	2221.129	3188.637
10343	372	2221.135	3194.581
10343	575	2221.147	3206.469
10343	555	2221.159	3218.358
10343	652	2221.166	3224.302
10343	395	2221.172	3230.246
10343	664	2221.178	3236.19
10348	18	2221.184	3242.134
10348	39	2221.19	3248.078
10348	64	2221.196	3254.022
10348	45	2220.961	3259.873
10348	32	2221.208	3265.911
10348	43	2221.214	3271.855
10348	55	2221.22	3277.799
10348	37	2221.226	3283.743
10348	66	2221.232	3289.687
10348	44	2221.239	3295.631
10348	40	2221.245	3301.576
10348	74	2221.25	3307.52
10348	34	2221.312	3313.334
10348	40	2221.263	3319.408
10348	20	2221.502	3326
10348	26	2221.275	3331.296
10348	83	2221.281	3337.24
10348	55	2221.287	3343.185
10348	35	2221.293	3349.129
10348	76	2221	3355.417
10348	46	2221.305	3361.017
10348	47	2221.312	3366.961
10348	50	2221.46	3372.951
10348	31	2221.323	3378.849
10348	38	2221.33	3384.793
10348	32	2221.336	3390.738
10356	224	2221.362	3396.715
10356	130	2221.348	3402.626
10356	63	2221.497	3408
10356	95	2221.004	3414.503
10356	125	2221.366	3420.458
10356	119	2220.669	3426.316
10356	155	2221.378	3432.346
10356	151	2221.384	3438.291
10356	213	2221.39	3444.235
10356	142	2221.396	3450.179
10356	171	2221.403	3456.123
10356	401	2221.409	3462.067
10356	276	2221	3468.488
10356	156	2221.421	3473.955
10356	160	2221.427	3479.899
10356	251	2221.528	3485.539
10356	170	2221.67	3491.691
10356	153	2221.445	3497.732
10356	227	2221.451	3503.676
10358	139	2221.457	3509.62
10358	155	2221.463	3515.564
10358	180	2221.469	3521.508
10358	92	2222	3526.495
10358	110	2221.482	3533.396
10358	162	2221.488	3539.341
10358	198	2221.494	3545.285
10358	152	2221.5	3551.229
10358	107	2221.506	3557.173
10358	328	2221.512	3563.117
10358	261	2221.518	3569.061
10358	177	2221.678	3575.289
10358	244	2221.53	3580.949
10358	142	2221.518	3587.005
10358	120	2221.542	3592.838
10358	126	2221.549	3598.782
10358	114	2221.555	3604.726
10358	167	2221.561	3610.67
10358	316	2221.567	3616.614
10358	145	2221.524	3622.492
10358	229	2221.579	3628.502
10358	140	2221.585	3634.447
10358	144	2221.591	3640.391
10358	215	2221.597	3646.335
10358	154	2221.603	3652.279
10360	78	2221.54	3658.46
10360	42	2221.615	3664.167
10360	47	2221.622	3670.111
10360	60	2221.628	3676.055
10360	99	2221.634	3682
10360	52	2221.64	3687.944
10360	56	2221.646	3693.888
10360	62	2221.339	3699.667
10360	49	2221.658	3705.776
10360	48	2221.664	3711.72
10360	65	2221.567	3717.488
10360	176	2221.676	3723.608
10360	20	2221.682	3729.553
10360	58	2221.695	3741.441
10360	72	2221.7	3747.385
10360	206	2221.707	3753.329
10360	43	2221.713	3759.273
10360	47	2221.719	3765.217
10360	50	2221.725	3771.162
10360	35	2221.731	3777.106
10364	41	2221.737	3783.05
10364	30	2221.743	3788.994
10364	62	2221.749	3794.938
10364	68	2221.714	3800.373
10364	55	2221.761	3806.826
10364	38	2221.767	3812.771
10364	94	2221.773	3818.715
10364	30	2221.78	3824.659
10364	59	2222.014	3830.519
10364	34	2221.702	3836.343
10364	54	2221.798	3842.491
10364	71	2221.804	3848.435
10364	39	2221.81	3854.379
10364	50	2221.816	3860.323
10364	29	2221.822	3866.268
10364	65	2221.828	3872.212
10364	60	2221.834	3878.156
10364	59	2221.84	3884.1
10364	67	2221.523	3890.477
10364	65	2221.853	3895.988
10364	43	2221.859	3901.932
10367	40	2221.865	3907.876
10367	28	2221.871	3913.821
10367	31	2221.877	3919.765
10367	143	2221.755	3925.433
10367	73	2221.889	3931.653
10367	47	2221.895	3937.597
10367	31	2221.901	3943.541
10367	96	2221.907	3949.485
10367	51	2221.913	3955.429
10367	60	2222.3	3961.632
10367	29	2221.926	3967.318
10367	37	2221.932	3973.262
10367	46	2222.317	3979.67
10367	28	2221.95	3991.094
10367	51	2221.956	3997.038
10367	39	2221.962	4002.982
10367	64	2221.968	4008.927
10367	52	2222.482	4014.518
10369	62	2221.688	4020.342
10369	8	2221.986	4026.759
10369	40	2221.992	4032.703
10369	62	2221.999	4038.647
10369	59	2222.005	4044.591
10369	44	2222.011	4050.535
10369	45	2222.017	4056.479
10369	44	2222.023	4062.424
10369	49	2222.029	4068.368
10369	30	2222.035	4074.312
10369	87	2222.041	4080.256
10369	69	2222.047	4086.2
10369	66	2222.053	4092.144
10369	57	2222.313	4098.336
10369	53	2222.065	4104.033
10369	48	2222.072	4109.977
10369	42	2214.888	2181.108
10369	44	2214.894	2187.052
10369	84	2215.153	2193.011
10369	140	2214.906	2198.941
10370	7445	2214.912	2204.885
10370	4696	2214.918	2210.829
10370	8878	2214.925	2216.773
10370	7307	2214.931	2222.717
10370	8053	2214.937	2228.661
10370	8014	2214.943	2234.605
10370	6863	2214.949	2240.55
10370	9352	2214.961	2252.438
10370	7037	2215	2258.493
10370	5478	2214.973	2264.326
10370	8489	2214.979	2270.27
10370	8010	2214.534	2276.029
10370	5433	2214.991	2282.158
10370	7629	2214.998	2288.103
10370	6420	2215.004	2294.047
10370	10060	2215.01	2299.991
10372	72	2215.016	2305.935
10372	53	2214.492	2312
10372	40	2215.028	2317.823
10372	34	2215.034	2323.767
10372	46	2215.04	2329.711
10372	81	2215.046	2335.656
10372	56	2215.052	2341.6
10372	37	2215.058	2347.544
10372	42	2215.064	2353.488
10372	86	2215.071	2359.432
10372	57	2215.077	2365.376
10372	45	2215.51	2371.46
10372	49	2215.089	2377.265
10372	52	2215.095	2383.209
10372	123	2215.101	2389.153
10372	58	2215.107	2395.097
10372	88	2215.113	2401.041
10373	42	2215.119	2406.985
10373	48	2215.125	2412.929
10373	48	2215.326	2418.673
10373	38	2215.5	2425
10373	40	2215.144	2430.762
10373	47	2215	2436.507
10373	28	2215.156	2442.65
10373	67	2215.168	2454.538
10373	49	2215.485	2460.486
10373	52	2215.18	2466.427
10373	54	2215.186	2472.371
10373	51	2215.192	2478.315
10373	83	2215.198	2484.259
10373	44	2215.49	2490
10373	71	2215.21	2496.147
10373	63	2215.216	2502.091
10373	55	2215.222	2508.035
10373	61	2216	2514.517
10373	31	2215.235	2519.924
10373	150	2215.241	2525.868
10373	43	2215.247	2531.812
10373	62	2215.253	2537.756
10373	42	2215.259	2543.7
10376	14	2215.265	2549.644
10376	47	2215.271	2555.588
10376	46	2215.344	2561.309
10376	20	2215.283	2567.477
10376	37	2215.289	2573.421
10376	24	2215.295	2579.365
10376	61	2215.302	2585.309
10376	45	2215.332	2591.665
10376	175	2215.314	2597.197
10376	39	2215.32	2603.141
10376	68	2215.326	2609.085
10376	60	2215.332	2615.03
10376	49	2215.338	2620.974
10376	35	2215.35	2632.862
10376	56	2215.356	2638.806
10376	35	2215.362	2644.75
10376	55	2215.368	2650.694
10376	31	2215.665	2662.707
10376	62	2215.387	2668.527
10379	139	2215.393	2674.471
10379	201	2215.399	2680.415
10379	88	2215.405	2686.359
10379	128	2215.411	2692.303
10379	219	2215.417	2698.247
10379	142	2215.423	2704.191
10379	130	2215.479	2710.479
10379	259	2215.435	2716.08
10379	168	2215.448	2727.968
10379	162	2215.454	2733.912
10379	123	2215.46	2739.856
10379	152	2215.527	2746
10379	223	2215.472	2751.744
10379	238	2215.478	2757.688
10379	118	2215.484	2763.633
10379	128	2215.49	2769.577
10379	286	2215.505	2775.488
10379	118	2215.502	2781.465
10379	164	2215.508	2787.409
10386	2899	2215.514	2793.353
10386	3612	2215.521	2799.297
10386	2688	2215.527	2805.242
10386	3340	2215.533	2811.186
10386	3135	2215.505	2817
10386	2318	2215.545	2823.074
10386	2733	2215.551	2829.018
10386	2245	2215.557	2834.962
10386	2593	2215.664	2840.716
10386	2267	2215.569	2846.851
10386	2410	2216.032	2852.563
10386	2658	2215.581	2858.739
10386	3058	2214.496	2864
10386	3485	2215.594	2870.627
10386	1856	2215.599	2876.571
10386	2317	2215.605	2882.515
10392	50	2215.612	2888.459
10392	59	2215.503	2894
10392	75	2215.624	2900.348
10392	194	2215.497	2906.493
10392	80	2215.636	2912.236
10392	66	2215.703	2918.623
10392	90	2215.648	2924.124
10392	66	2215.654	2930.068
10392	58	2215.491	2935
10392	87	2215.666	2941.957
10392	165	2215.672	2947.901
10392	66	2215.678	2953.845
10392	62	2215.685	2959.789
10392	68	2215.691	2965.733
10392	53	2215.697	2971.677
10392	72	2215.703	2977.621
10392	44	2215.516	2984
10392	70	2215.715	2989.51
10392	74	2215.721	2995.454
10392	89	2215.727	3001.398
10392	123	2215.697	3007.313
10392	180	2215.739	3013.286
10392	51	2215.745	3019.23
10392	89	2215.381	3024.703
10397	138	2215.758	3031.118
10397	79	2215.514	3037
10397	165	2215.77	3043.007
10397	106	2215.776	3048.951
10397	113	2215.782	3054.895
10397	152	2215.788	3060.839
10397	114	2215.794	3066.783
10397	245	2215.8	3072.727
10397	155	2215.806	3078.671
10397	178	2215.812	3084.615
10397	116	2215.818	3090.56
10397	194	2215.824	3096.504
10397	94	2215.831	3102.448
10397	137	2215.837	3108.392
10397	133	2215.843	3114.336
10397	56	2215.849	3120.28
10397	165	2215.573	3126.473
10397	80	2215.861	3132.168
10397	87	2215.867	3138.113
10398	36	2215.879	3150.001
10398	38	2215.885	3155.945
10398	63	2215.891	3161.889
10398	83	2215.897	3167.833
10398	51	2214.526	3173
10398	72	2215.91	3179.721
10398	163	2215.534	3185.509
10398	67	2215.922	3191.61
10398	39	2215.928	3197.554
10398	56	2215.934	3203.498
10398	52	2215.94	3209.442
10398	51	2215.946	3215.386
10398	21	2215.952	3221.33
10398	43	2215.958	3227.274
10398	40	2216.017	3233.477
10398	37	2215.97	3239.163
10398	57	2215.977	3245.107
10398	46	2215.538	3257
10398	20	2215.995	3262.939
10398	34	2216.001	3268.883
10400	41	2216.007	3274.828
10400	42	2216.267	3280.377
10400	52	2215.702	3286.361
10400	35	2216.025	3292.66
10400	33	2216.031	3298.604
10400	46	2216.037	3304.548
10400	31	2216.043	3310.492
10400	63	2216.05	3316.437
10400	42	2216.055	3322.381
10400	27	2216.062	3328.325
10400	120	2216.068	3334.269
10400	91	2216.074	3340.213
10400	65	2216.437	3346.435
10400	33	2216.086	3352.101
10400	52	2216.092	3358.045
10400	55	2216.317	3364.32
10400	50	2216.104	3369.934
10400	43	2216.11	3375.878
10400	50	2216.116	3381.822
10400	61	2216.122	3387.766
10400	33	2216.128	3393.71
10400	62	2216.135	3399.654
10400	57	2216.141	3405.598
10400	50	2216.147	3411.542
10400	48	2216.153	3417.487
10400	43	2216.159	3423.431
10400	57	2216.165	3429.375
10400	43	2216.49	3435.51
10400	43	2216.177	3441.263
10400	67	2216.183	3447.207
10402	114	2216.195	3459.095
10402	44	2215.519	3464.518
10402	47	2216.208	3470.984
10402	27	2216.492	3476.588
10402	55	2216.22	3482.872
10402	73	2216.226	3488.816
10402	12	2216.519	3495.012
10402	45	2216.238	3500.704
10402	57	2216.244	3506.648
10402	33	2216.25	3512.593
10402	34	2216.256	3518.537
10402	61	2216.262	3524.481
10402	30	2216.268	3530.425
10402	35	2216.274	3536.369
10402	35	2216.281	3542.313
10402	150	2216.287	3548.257
10402	44	2216.341	3554.302
10402	34	2216.299	3560.146
10402	60	2216.305	3566.09
10402	53	2216.311	3572.034
10402	32	2216.317	3577.978
10402	36	2216.323	3583.922
10403	57	2216.329	3589.866
10403	70	2216.335	3595.81
10403	21	2216.341	3601.754
10403	51	2216.347	3607.698
10403	62	2216.354	3613.643
10403	60	2216	3619.467
10403	53	2216.366	3625.531
10403	57	2216.372	3631.475
10403	53	2216.378	3637.419
10403	54	2216	3643.46
10403	69	2216.39	3649.307
10403	47	2216.396	3655.251
10403	45	2216.402	3661.196
10403	60	2216.408	3667.14
10403	63	2216.414	3673.084
10403	76	2216.42	3679.028
10403	50	2216.427	3684.972
10403	48	2216.433	3690.916
10403	67	2216.438	3696.86
10403	66	2216.445	3702.805
10403	60	2216.51	3708.508
10403	94	2216.457	3714.693
10403	73	2216.463	3720.637
10403	45	2216.469	3726.581
10403	49	2216.475	3732.525
10403	49	2216.481	3738.469
10408	32	2216.487	3744.414
10408	51	2216.493	3750.358
10408	60	2217	3756.497
10408	54	2216.505	3762.246
10408	79	2216.511	3768.19
10408	50	2216.502	3774.458
10408	66	2216.531	3780.011
10408	85	2216.53	3786.022
10408	46	2216.536	3791.967
10408	105	2216.542	3797.911
10408	41	2216.548	3803.855
10408	40	2216.554	3809.799
10408	82	2216.56	3815.743
10408	34	2216.566	3821.687
10408	96	2216.572	3827.631
10408	46	2216.578	3833.575
10408	52	2216.584	3839.52
10408	113	2216.591	3845.464
10408	38	2216.597	3851.408
10408	39	2216.603	3857.352
10408	61	2216.609	3863.296
10408	28	2216.54	3869
10408	39	2216.621	3875.184
10414	193	2216.627	3881.128
10414	176	2216.633	3887.073
10414	166	2216.639	3893.017
10414	166	2216.645	3898.961
10414	397	2216.651	3904.905
10414	177	2216.657	3910.849
10414	113	2216.498	3916.496
10414	141	2216.67	3922.737
10414	157	2216.676	3928.681
10414	135	2216.527	3934
10414	130	2216.688	3940.57
10414	357	2216.672	3946.316
10414	116	2217	3952.466
10414	199	2216.706	3958.402
10414	216	2216.712	3964.346
10414	158	2216.718	3970.29
10414	155	2216.695	3976.618
10414	255	2216.73	3982.178
10414	199	2216.737	3988.123
10414	155	2216.743	3994.067
10424	59	2216.563	3999.573
10424	43	2216.523	4006.005
10424	40	2216.761	4011.899
10424	46	2216.767	4017.843
10424	43	2216.773	4023.787
10424	87	2216.704	4029.363
10424	228	2217.016	4035.534
10424	21	2216.791	4041.62
10424	132	2216.797	4047.564
10424	65	2216.803	4053.508
10424	30	2216.81	4059.452
10424	85	2216.816	4065.396
10424	30	2216.822	4071.34
10424	40	2217.477	4077.494
10424	63	2216.834	4083.229
10424	31	2216.508	4090
10424	66	2216.846	4095.117
10424	52	2216.852	4101.061
10424	28	2216.864	4112.949
